0.0 -17.310617676865554
0.1 -11.88171214647815
0.2 -5.71194638787496
0.3 -1.0711621809860858
0.4 1.9602117463510922
0.5 4.942520616584147
0.6 10.77030436760873
0.7 10.588972756642708
0.8 14.79877525383668
0.9 16.1304896212018
1.0 17.20329051215211
1.1 17.126477436242663
1.2 16.245686493301456
1.3 17.258842971507686
1.4 17.64514332829738
1.5 17.012731982474417
1.6 16.904360252318696
1.7 15.200632261948563
1.8 12.607894216263343
1.9 12.2434908615338
2.0 9.31965926079096
2.1 8.588532406021152
2.2 5.075962044319901
2.3 3.843447887697856
2.4 0.02583030338807646
2.5 1.2511495131800672
2.6 0.36814486627212517
2.7 -2.8968096223918636
2.8 -3.5912253363497797
2.9 -4.965731117823211
3.0 -9.052126608875085
3.1 -7.746424039532435
3.2 -8.386717086660553
3.3 -8.154775237148819
3.4 -12.811003243303539
3.5 -14.20938445691879
3.6 -10.715767293646884
3.7 -9.686687185879073
3.8 -11.478238749738935
3.9 -8.210914703601738
4.0 -6.856143565930928
4.1 -4.24198071251665
4.2 -0.4795666444676172
4.3 2.9132190208139406
4.4 6.355584040078213
4.5 10.520246818720114
4.6 15.692339792805399
4.7 23.58295822160861
