0.0 -57.310617676865554
0.1 -51.88171214647815
0.2 -45.71194638787496
0.3 -41.071162180986086
0.4 -38.03978825364891
0.5 -35.05747938341585
0.6 -29.22969563239127
0.7 -29.411027243357292
0.8 -25.20122474616332
0.9 -23.8695103787982
1.0 -22.79670948784789
1.1 -22.873522563757337
1.2 -23.754313506698544
1.3 -22.741157028492314
1.4 -22.35485667170262
1.5 -22.987268017525583
1.6 -23.095639747681304
1.7 -24.799367738051437
1.8 -27.392105783736657
1.9 -27.7565091384662
2.0 -30.68034073920904
2.1 -31.41146759397885
2.2 -34.9240379556801
2.3 -36.156552112302144
2.4 -39.97416969661192
2.5 -38.74885048681993
2.6 -39.631855133727875
2.7 -42.896809622391864
2.8 -43.59122533634978
2.9 -44.96573111782321
3.0 -49.052126608875085
3.1 -47.746424039532435
3.2 -48.38671708666055
3.3 -48.15477523714882
3.4 -52.81100324330354
3.5 -54.20938445691879
3.6 -50.715767293646884
3.7 -49.68668718587907
3.8 -51.478238749738935
3.9 -48.21091470360174
4.0 -46.85614356593093
4.1 -44.24198071251665
4.2 -40.47956664446762
4.3 -37.08678097918606
4.4 -33.64441595992179
4.5 -29.479753181279886
4.6 -24.3076602071946
4.7 -16.41704177839139
