-1.128866878466079 5.147415299155751
8.573336886278206 -5.283690962341778
0.48651971348155243 -6.988908952617958
7.13487682284973 -0.3106209261017394
-9.634242785790706 -7.298819789243058
-5.3440779866414445 8.933975716835391
0.019825923746717322 3.060672292142092
-5.748409384054649 -4.622366415430436
9.390443335623054 -9.440163077593358
1.1248127297781068 6.903017484854779
9.375028345422432 6.546218539523121
5.7703719722811275 7.599401718965243
-0.5266333290149099 -8.157908852776481
-9.06669547912828 9.256352376043516
3.5883479754645027 -7.027783222218553
-6.943188634303626 -0.7018657170478644
0.7933298315391806 2.5769251385358523
0.13973887267142615 8.176961589793965
5.657714204989441 -3.7618771558552844
7.334209584330484 9.116019666391676
-3.10260914564108 9.128383281335122
3.713909333848356 3.995220568403827
-1.3227958369885613 8.504691622876987
4.835807691121758 -2.7239124752108657
-8.35000043977937 9.47854998092469
3.417844164800316 -4.601860626142697
9.806096539949937 -2.792727861113205
-8.517546121787493 0.08995310385209798
4.296937717941216 4.851919228193417
9.875086283090727 -4.346264362751009
0.9945140947207438 8.825018567320324
5.02463737946977 -0.09932975096891283
-3.048164511793237 2.4183572537075477
3.5357999914385694 -4.972446497133689
-7.7381810183260775 9.6823284370954
-8.56967984923714 9.632637412438527
-9.429282730832423 8.852063146513458
-0.22519175542069014 2.67140433203984
-1.6329950775242548 -6.022540274075001
-3.9485016394707895 1.4864675020906315
7.009769552715518 -5.219601046100932
8.546396007350591 -7.726647670030382
-2.269342191190087 9.180428066996761
7.965665430133772 4.639492696481364
-5.450179590852214 4.4471388868251935
-6.9461722102277275 -4.989820408436929
-4.762131722977207 -2.9888342044942595
9.62360873056624 5.191671287093582
5.64056853613349 -3.830735457060568
9.885681441043847 9.910537068170843
