-1.128866878466079 5.147415299155751
8.573336886278206 -5.283690962341778
0.48651971348155243 -6.988908952617958
7.13487682284973 -0.3106209261017394
-9.634242785790706 -7.298819789243058
-5.3440779866414445 8.933975716835391
0.019825923746717322 3.060672292142092
-5.748409384054649 -4.622366415430436
9.390443335623054 -9.440163077593358
1.1248127297781068 6.903017484854779
9.375028345422432 6.546218539523121
5.7703719722811275 7.599401718965243
-0.5266333290149099 -8.157908852776481
-9.06669547912828 9.256352376043516
3.5883479754645027 -7.027783222218553
-6.943188634303626 -0.7018657170478644
0.7933298315391806 2.5769251385358523
0.13973887267142615 8.176961589793965
5.657714204989441 -3.7618771558552844
7.334209584330484 9.116019666391676
-3.10260914564108 9.128383281335122
3.713909333848356 3.995220568403827
-1.3227958369885613 8.504691622876987
4.835807691121758 -2.7239124752108657
-8.35000043977937 9.47854998092469
3.417844164800316 -4.601860626142697
9.806096539949937 -2.792727861113205
-8.517546121787493 0.08995310385209798
4.296937717941216 4.851919228193417
9.875086283090727 -4.346264362751009
